,PCM temp,t,k,cp,rho
0,-18.0,0.0162,0.0055,482.6177,3.5903
1,-18.0,0.0164,0.0054,344.6088,5.0874
2,-18.0,0.028,0.0146,127.5391,4.6408
3,-18.0,0.0159,0.0182,508.5992,1.5185
4,-18.0,0.0262,0.0073,526.7051,1.2747
5,-18.0,0.0203,0.025,495.9568,3.0357
6,-18.0,0.0292,0.0079,147.9852,2.3741
7,-18.0,0.0199,0.0129,211.8741,5.4223
8,-18.0,0.0235,0.013,713.0287,1.4246
9,-18.0,0.0223,0.0222,149.3129,1.8582
10,-18.0,0.0207,0.006,422.3452,2.0395
11,-18.0,0.0295,0.0218,405.8042,4.6208
12,-18.0,0.0241,0.0153,455.5306,2.2394
13,-18.0,0.016,0.016,265.978,3.602
14,-18.0,0.0227,0.023,270.2782,5.3253
15,-18.0,0.0285,0.0084,653.1061,2.5762
16,-18.0,0.026,0.0067,102.7943,5.2319
17,-18.0,0.0221,0.0096,618.7126,1.6558
18,-18.0,0.0242,0.0125,332.4095,1.9265
19,-18.0,0.0204,0.0241,594.3976,5.4039
20,-18.0,0.0189,0.0131,650.4801,5.4938
21,-18.0,0.0246,0.0149,595.966,3.2038
22,-18.0,0.0298,0.0245,149.6157,1.3178
23,-18.0,0.0284,0.0201,517.0879,5.992
24,-18.0,0.0229,0.0127,722.0303,2.992
25,-18.0,0.0251,0.0132,341.1876,4.4275
26,-18.0,0.0296,0.0172,390.1115,5.2804
27,-18.0,0.0228,0.0093,373.8927,2.3277
28,-18.0,0.024,0.0158,398.5368,1.6562
29,-18.0,0.0283,0.0081,126.7875,3.5461
30,-18.0,0.0187,0.0063,365.7344,3.1144
31,-18.0,0.0277,0.024,487.8348,5.8604
32,-18.0,0.0224,0.007,393.7304,2.3491
33,-18.0,0.0192,0.0158,265.1878,2.6801
34,-18.0,0.0299,0.0249,683.193,3.5547
35,-18.0,0.0217,0.0181,526.4381,3.0928
36,-18.0,0.0227,0.0246,418.5939,4.94
37,-18.0,0.0229,0.0072,269.0842,5.4563
38,-18.0,0.0233,0.0108,293.5777,5.5823
39,-18.0,0.0275,0.0224,109.636,2.8759
40,-18.0,0.0299,0.0222,439.3391,1.0902
41,-18.0,0.0297,0.0109,322.5727,5.379
42,-18.0,0.0232,0.0099,665.4024,3.1088
43,-18.0,0.0154,0.0053,788.6616,4.2484
44,-18.0,0.0219,0.0203,386.1458,3.9642
45,-18.0,0.0281,0.0197,521.6565,2.4009
46,-18.0,0.0178,0.006,126.2254,2.0478
47,-18.0,0.0256,0.0221,652.0484,1.9521
48,-18.0,0.0265,0.0106,311.1165,3.7744
49,-18.0,0.0185,0.0156,588.5972,5.3368
50,-18.0,0.0193,0.0067,258.8535,1.999
51,-18.0,0.0202,0.0157,581.4218,1.3395
52,-18.0,0.0163,0.0258,436.8494,4.0075
53,-18.0,0.0212,0.0114,131.1875,5.753
54,-18.0,0.0195,0.0093,131.0512,4.002
55,-18.0,0.0179,0.0162,154.0788,2.1008
56,-18.0,0.026,0.0239,727.3227,1.3906
57,-18.0,0.0189,0.0109,167.9623,5.4851
58,-18.0,0.0251,0.0112,398.3226,4.2965
59,-18.0,0.0227,0.0208,592.4429,4.1381
60,-18.0,0.0165,0.0054,619.48,2.0688
61,-18.0,0.0207,0.0063,603.8169,1.0065
62,-18.0,0.0299,0.0214,798.5426,2.2455
63,-18.0,0.0274,0.0174,367.8394,2.5669
64,-18.0,0.0233,0.0104,205.5586,2.024
65,-18.0,0.0264,0.0196,273.3191,2.4772
66,-18.0,0.0218,0.0059,178.0973,2.3626
67,-18.0,0.0232,0.0197,340.2413,4.4288
68,-18.0,0.0273,0.0236,452.5117,3.0748
69,-18.0,0.0296,0.018,527.8174,4.5874
70,-18.0,0.0217,0.0075,631.5871,1.5673
71,-18.0,0.0221,0.0172,245.0518,3.4439
72,-18.0,0.0297,0.0172,374.9945,2.0414
73,-18.0,0.0165,0.0057,593.3171,3.2455
74,-18.0,0.0213,0.0196,149.0304,2.486
75,-18.0,0.0208,0.0138,477.8031,3.1731
76,-18.0,0.0249,0.0106,706.238,1.2811
77,-18.0,0.0285,0.0221,413.0328,5.151
78,-18.0,0.0292,0.0091,334.2897,2.6006
79,-18.0,0.0228,0.0062,568.5126,5.3916
80,-18.0,0.0262,0.0134,402.059,2.5268
81,-18.0,0.0224,0.0204,760.6514,4.9341
82,-18.0,0.0281,0.02,375.9408,3.4262
83,-18.0,0.0282,0.0234,466.1872,4.3363
84,-18.0,0.0177,0.0117,799.1221,3.4606
85,-18.0,0.0185,0.0248,175.9258,1.4937
86,-18.0,0.0269,0.0051,526.5015,4.5577
87,-18.0,0.0223,0.0212,170.1226,4.2102
88,-18.0,0.0255,0.0238,280.1072,1.0394
89,-18.0,0.0271,0.008,210.6266,2.5518
90,-18.0,0.0299,0.0086,495.7949,5.0008
91,-18.0,0.0244,0.0156,789.8845,4.8943
92,-18.0,0.0228,0.0244,794.379,2.4027
93,-18.0,0.0157,0.0212,120.546,5.2841
94,-18.0,0.019,0.0231,255.3352,1.9958
95,-18.0,0.0277,0.0108,680.6855,2.6561
96,-18.0,0.0173,0.0243,644.4045,1.9102
97,-18.0,0.0275,0.0225,619.6484,3.5776
98,-18.0,0.0159,0.0209,725.2008,2.496
99,-18.0,0.0209,0.0239,310.4768,3.8426
100,-18.0,0.0265,0.0111,232.355,2.6498
101,-18.0,0.0273,0.0067,621.5305,5.3223
102,-18.0,0.0262,0.0218,621.8094,5.7672
103,-18.0,0.0153,0.0094,297.0042,4.6921
104,-18.0,0.0266,0.0234,736.8252,4.9226
105,-18.0,0.0156,0.0081,188.1377,1.2601
106,-18.0,0.0278,0.0154,262.7225,5.0242
107,-18.0,0.0229,0.0207,526.6614,2.8274
108,-18.0,0.018,0.0069,583.4083,5.9173
109,-18.0,0.0277,0.0147,349.13,3.7817
110,-18.0,0.0296,0.0218,190.2003,1.7222
111,-18.0,0.0275,0.0153,608.0558,2.7668
112,-18.0,0.0183,0.0171,240.5714,1.6795
113,-18.0,0.0255,0.0131,517.7836,4.6373
114,-18.0,0.0227,0.01,399.5632,5.2716
115,-18.0,0.0226,0.0201,712.1597,4.1699
116,-18.0,0.0297,0.0152,741.1367,2.946
117,-18.0,0.0205,0.006,606.9765,2.9761
118,-18.0,0.0251,0.0181,514.2824,3.6051
119,-18.0,0.0223,0.0055,410.3034,3.9874
120,-18.0,0.0259,0.0242,116.4524,1.9523
121,-18.0,0.0187,0.0106,506.9901,5.698
122,-18.0,0.0251,0.0057,755.1998,2.0201
123,-18.0,0.0246,0.0241,275.5742,3.8737
124,-18.0,0.0248,0.012,484.1843,5.2152
125,-18.0,0.0298,0.0221,413.8841,5.8921
126,-18.0,0.0172,0.0223,792.7312,4.9795
127,-18.0,0.0182,0.0249,118.4117,5.0477
128,-18.0,0.0277,0.0079,536.1955,5.8179
129,-18.0,0.0256,0.0179,274.3576,4.0627
130,-18.0,0.0243,0.015,201.7195,2.412
131,-18.0,0.0258,0.0254,627.2701,1.2412
132,-18.0,0.021,0.0185,194.6095,4.4676
133,-18.0,0.0249,0.0076,772.6991,5.2514
134,-18.0,0.0295,0.0067,470.7418,3.7814
135,-18.0,0.0265,0.0137,146.1199,4.8179
136,-18.0,0.0207,0.0102,329.2748,5.4397
137,-18.0,0.0162,0.0185,581.6984,4.344
138,-18.0,0.0274,0.0239,350.0445,2.0001
139,-18.0,0.0217,0.0125,291.3732,5.0979
140,-18.0,0.0203,0.009,111.4612,1.3085
141,-18.0,0.0287,0.0233,539.0304,5.5078
142,-18.0,0.0257,0.0156,277.989,5.4152
143,-18.0,0.0153,0.0171,720.2109,3.4602
144,-18.0,0.0233,0.0201,435.1257,2.4833
145,-18.0,0.0251,0.016,492.5173,2.2993
146,-18.0,0.0267,0.0189,259.5864,2.3708
147,-18.0,0.0275,0.0086,385.2964,4.3069
148,-18.0,0.0275,0.0208,287.4081,3.9058
149,-18.0,0.0233,0.0108,711.4247,1.8419
150,-18.0,0.0207,0.0231,197.0986,4.5502
151,-18.0,0.0248,0.0243,650.5864,2.593
152,-18.0,0.0239,0.0216,483.0948,2.0532
153,-18.0,0.0233,0.0195,687.7224,4.2433
154,-18.0,0.0155,0.0219,213.6979,2.6422
155,-18.0,0.0276,0.0132,274.0343,1.5235
156,-18.0,0.0198,0.008,788.1454,3.9301
157,-18.0,0.0294,0.0152,299.6186,2.6814
158,-18.0,0.0244,0.0179,631.541,1.7084
159,-18.0,0.0177,0.0082,573.6556,2.6133
160,-18.0,0.0266,0.0187,574.8187,4.1228
161,-18.0,0.0206,0.0052,262.7635,3.5062
162,-18.0,0.0194,0.0146,114.7628,2.3241
163,-18.0,0.0258,0.0224,743.447,1.2889
164,-18.0,0.0166,0.0142,470.9401,4.6452
165,-18.0,0.0179,0.0075,636.4199,4.5663
166,-18.0,0.0201,0.0157,790.2573,2.3505
167,-18.0,0.0183,0.016,605.4147,3.5507
168,-18.0,0.0165,0.0259,224.9403,4.9535
169,-18.0,0.0236,0.0178,361.46,5.7122
170,-18.0,0.0277,0.008,277.9369,4.1288
171,-18.0,0.018,0.0242,591.4437,1.7721
172,-18.0,0.0295,0.013,403.7716,5.4247
173,-18.0,0.0164,0.0173,715.7834,4.0699
174,-18.0,0.0186,0.0179,388.0369,2.1667
175,-18.0,0.0205,0.0119,199.1739,1.0792
176,-18.0,0.0202,0.0237,625.8992,4.7804
177,-18.0,0.0159,0.0198,250.4812,3.4447
178,-18.0,0.0295,0.0065,491.6664,3.7433
179,-18.0,0.0255,0.0188,554.871,5.986
180,-18.0,0.0163,0.0084,619.2602,4.1733
181,-18.0,0.0264,0.0087,488.3208,1.3057
182,-18.0,0.025,0.0221,194.0144,3.634
183,-18.0,0.0154,0.015,230.439,5.4973
184,-18.0,0.0285,0.0223,319.4285,5.3467
185,-18.0,0.0298,0.0258,654.5713,4.8696
186,-18.0,0.0279,0.0233,329.0992,2.7957
187,-18.0,0.0233,0.0254,691.3915,3.9163
188,-18.0,0.0284,0.0189,491.7863,5.4532
189,-18.0,0.0208,0.018,203.2497,3.9794
190,-18.0,0.0202,0.0165,310.9097,5.8998
191,-18.0,0.0232,0.0086,202.2074,2.2462
192,-18.0,0.0156,0.0195,540.891,4.7737
193,-18.0,0.025,0.0112,327.3236,3.1458
194,-18.0,0.0203,0.0207,489.6315,2.7955
195,-18.0,0.0228,0.0182,652.0218,5.688
196,-18.0,0.0231,0.0088,100.9685,1.704
197,-18.0,0.0284,0.0076,503.0956,4.6773
198,-18.0,0.0294,0.0109,764.3584,3.2105
199,-18.0,0.0275,0.0091,348.53,2.0497
200,-18.0,0.0258,0.0109,563.5123,4.1249
201,-18.0,0.0299,0.019,700.5756,3.1597
202,-18.0,0.0153,0.0209,646.6509,5.6105
203,-18.0,0.0241,0.0167,606.3722,4.2022
204,-18.0,0.0192,0.0248,303.6708,1.5654
205,-18.0,0.0267,0.0091,483.3603,3.5015
206,-18.0,0.025,0.0169,196.8468,3.6617
207,-18.0,0.0172,0.0094,548.2272,3.7051
208,-18.0,0.0217,0.006,738.189,5.0364
209,-18.0,0.0194,0.0056,427.3477,2.2041
210,-18.0,0.0294,0.0252,768.3437,2.9706
211,-18.0,0.0285,0.0055,551.6202,1.0865
212,-18.0,0.0282,0.0142,223.921,4.537
213,-18.0,0.0151,0.0061,287.077,1.5985
214,-18.0,0.025,0.0167,132.6347,4.0265
215,-18.0,0.0189,0.0127,352.432,3.6651
216,-18.0,0.0276,0.0166,350.3896,5.1366
217,-18.0,0.0203,0.0113,686.6014,2.5423
218,-18.0,0.0208,0.0108,713.4673,5.3736
219,-18.0,0.0175,0.0077,246.0695,1.2127
220,-18.0,0.0275,0.022,654.3676,5.9719
221,-18.0,0.017,0.0255,782.3322,1.8236
222,-18.0,0.0197,0.0251,120.2065,3.296
223,-18.0,0.0234,0.0181,94.3338,3.5801
224,-18.0,0.0189,0.0218,787.7615,5.5089
225,-18.0,0.0161,0.0187,592.707,5.7542
226,-18.0,0.0205,0.0203,108.0249,5.0078
227,-18.0,0.0283,0.014,464.7352,1.8544
228,-18.0,0.0159,0.0234,213.9581,2.6656
229,-18.0,0.0194,0.0132,663.4643,4.8039
230,-18.0,0.02,0.023,302.5359,1.6165
231,-18.0,0.0262,0.0235,273.7455,5.9879
232,-18.0,0.019,0.0073,557.6295,5.4926
233,-18.0,0.0284,0.023,121.059,4.0248
234,-18.0,0.022,0.0155,261.1949,2.5812
235,-18.0,0.0156,0.02,333.6285,2.7427
236,-18.0,0.0164,0.0061,130.5989,3.3662
237,-18.0,0.0181,0.0169,436.7098,3.8735
238,-18.0,0.0266,0.0054,505.6871,1.983
239,-18.0,0.0199,0.0248,630.4329,3.557
240,-18.0,0.0157,0.0138,427.8078,5.6605
241,-18.0,0.028,0.0051,768.7034,5.1641
242,-18.0,0.022,0.0133,499.4739,5.0941
243,-18.0,0.0282,0.0169,172.2705,3.3364
244,-18.0,0.0253,0.0085,180.0413,2.7387
245,-18.0,0.0224,0.0068,798.1701,5.9322
246,-18.0,0.0233,0.0104,448.2242,2.5819
247,-18.0,0.0268,0.0211,169.4869,4.7653
248,-18.0,0.0211,0.0178,677.9614,3.8273
249,-18.0,0.0299,0.0154,581.1003,2.374
250,-18.0,0.0291,0.0224,555.2551,1.2975
251,-18.0,0.022,0.0213,120.6659,1.7731
252,-18.0,0.0157,0.0134,599.7702,1.4974
253,-18.0,0.0213,0.0122,90.9338,3.5159
254,-18.0,0.0299,0.0225,407.8175,4.7793
255,-18.0,0.0262,0.0254,673.6051,3.8112
256,-18.0,0.0159,0.0245,316.1049,3.5526
257,-18.0,0.0191,0.0103,186.7554,4.4673
258,-18.0,0.0258,0.0214,698.9917,2.2492
259,-18.0,0.0266,0.017,125.224,4.3931
260,-18.0,0.0187,0.0212,689.9873,3.6369
261,-18.0,0.0261,0.0056,168.6247,5.6426
262,-18.0,0.0176,0.0162,678.6271,2.0988
263,-18.0,0.0218,0.0138,682.8514,1.9626
264,-18.0,0.0214,0.016,739.3662,4.2812
265,-18.0,0.0276,0.0253,464.0906,5.4365
266,-18.0,0.0287,0.01,277.4989,2.2154
267,-18.0,0.0266,0.0125,598.4314,2.5892
268,-18.0,0.0204,0.0226,264.4639,1.4829
269,-18.0,0.0203,0.0122,156.2287,2.5255
270,-18.0,0.0179,0.0068,510.3152,4.5685
271,-18.0,0.0261,0.0218,611.9361,2.7347
272,-18.0,0.0155,0.0084,109.8519,2.1175
273,-18.0,0.0252,0.0069,438.3532,2.7309
274,-18.0,0.0253,0.0237,313.2968,2.7198
275,-18.0,0.0157,0.0227,768.8292,1.9651
276,-18.0,0.0278,0.0192,120.869,3.1973
277,-18.0,0.0255,0.0241,131.1632,3.9856
278,-18.0,0.0265,0.0208,388.5889,4.8508
279,-18.0,0.0231,0.0249,707.0425,3.9376
280,-18.0,0.03,0.0129,314.2884,4.8602
281,-18.0,0.0289,0.0115,538.0219,5.3965
282,-18.0,0.0251,0.0247,200.7355,4.1447
283,-18.0,0.0172,0.0182,178.8553,4.3402
284,-18.0,0.0271,0.0249,705.8723,3.0704
285,-18.0,0.0282,0.0181,783.6285,1.4986
286,-18.0,0.0194,0.0108,284.6362,3.2898
287,-18.0,0.0243,0.0225,685.6069,1.9145
288,-18.0,0.0287,0.0051,278.131,4.5638
289,-18.0,0.0151,0.0213,495.3534,4.5202
290,-18.0,0.0293,0.0141,397.8257,1.724
291,-18.0,0.0262,0.0246,131.7541,4.1595
292,-18.0,0.019,0.0176,295.0458,5.3739
293,-18.0,0.023,0.0258,467.2872,3.7964
294,-18.0,0.0154,0.0092,403.438,4.8614
295,-18.0,0.0275,0.0074,134.3352,3.988
296,-18.0,0.0257,0.0184,669.7557,5.792
297,-18.0,0.0289,0.0244,607.5562,4.7399
298,-18.0,0.0264,0.0206,627.7857,4.3162
299,-18.0,0.026,0.0227,203.7143,5.6491
300,-18.0,0.0166,0.019,610.7291,4.8708
301,-18.0,0.0255,0.0077,310.708,4.5912
302,-18.0,0.0299,0.0104,324.6151,1.9009
303,-18.0,0.023,0.0087,737.8604,3.6227
304,-18.0,0.0205,0.0133,385.3681,1.3943
305,-18.0,0.0288,0.0053,341.5562,5.3711
306,-18.0,0.0264,0.0194,215.9622,3.6117
307,-18.0,0.0259,0.0227,165.917,1.0737
308,-18.0,0.0257,0.0239,315.6657,1.8505
309,-18.0,0.0271,0.0089,574.6435,2.4856
310,-18.0,0.0249,0.0099,124.2762,3.412
311,-18.0,0.0285,0.0052,456.3798,5.1257
312,-18.0,0.0261,0.0161,440.2888,2.6605
313,-18.0,0.0247,0.0166,176.6558,2.0433
314,-18.0,0.0287,0.0181,240.2166,1.9326
315,-18.0,0.0298,0.0071,340.1768,3.1005
316,-18.0,0.026,0.0179,594.0656,3.0889
317,-18.0,0.0279,0.0117,453.6698,3.7017
318,-18.0,0.0253,0.0199,210.4231,3.204
319,-18.0,0.0234,0.0083,92.3456,5.0364
320,-18.0,0.0163,0.0155,729.4292,4.1223
321,-18.0,0.017,0.0107,513.4866,5.3464
322,-18.0,0.0239,0.0058,466.5497,5.3276
323,-18.0,0.0184,0.0068,685.42,5.705
324,-18.0,0.0154,0.0228,472.8384,4.0425
325,-18.0,0.015,0.0206,217.3806,2.7253
326,-18.0,0.029,0.0151,514.9476,2.2163
327,-18.0,0.0216,0.0128,150.2812,5.3161
328,-18.0,0.0285,0.0185,255.1991,5.4784
329,-18.0,0.0294,0.0094,322.0899,3.1417
330,-18.0,0.0153,0.0216,179.8192,5.8968
331,-18.0,0.0269,0.0109,372.7917,4.8621
332,-18.0,0.0276,0.0188,235.9163,2.3487
333,-18.0,0.0162,0.0135,357.803,2.5697
334,-18.0,0.0203,0.0184,478.5194,2.7085
335,-18.0,0.0248,0.0086,142.6866,1.7514
336,-18.0,0.0273,0.0079,272.6867,3.7525
337,-18.0,0.0153,0.0151,588.8144,5.7969
338,-18.0,0.0279,0.0176,155.8274,2.1221
339,-18.0,0.0284,0.0164,180.3157,1.3756
340,-18.0,0.0243,0.0081,468.4185,2.8219
341,-18.0,0.0299,0.0161,622.8339,1.4544
342,-18.0,0.027,0.0215,366.1298,1.9949
343,-18.0,0.0197,0.0187,693.2283,4.3334
344,-18.0,0.0251,0.0124,622.6546,1.7943
345,-18.0,0.0185,0.0205,238.5948,1.5959
346,-18.0,0.0261,0.0118,129.9318,4.5853
347,-18.0,0.0159,0.016,155.2898,5.2983
348,-18.0,0.0279,0.0192,690.7786,4.0438
349,-18.0,0.0228,0.0247,788.7836,1.1844
350,-18.0,0.0291,0.026,354.2481,5.5523
351,-18.0,0.0251,0.0125,455.8979,4.9175
352,-18.0,0.0227,0.0054,364.9794,4.2364
353,-18.0,0.0163,0.0151,253.8935,2.9013
354,-18.0,0.0231,0.0153,671.3067,2.8744
355,-18.0,0.0283,0.0189,412.4133,1.5716
356,-18.0,0.0237,0.0247,214.014,3.489
357,-18.0,0.0155,0.0205,230.0945,4.6625
358,-18.0,0.0222,0.0144,180.5827,3.3273
359,-18.0,0.0193,0.016,766.9471,2.7531
360,-18.0,0.0178,0.0078,533.5302,2.9288
361,-18.0,0.0262,0.0203,643.9949,3.3289
362,-18.0,0.0197,0.0052,367.7924,4.2553
363,-18.0,0.0183,0.0197,319.8907,4.1157
364,-18.0,0.0206,0.0105,689.5225,2.5303
365,-18.0,0.0253,0.0175,440.3486,2.7722
366,-18.0,0.0216,0.0063,231.71,4.7091
367,-18.0,0.026,0.0117,710.6758,2.1595
368,-18.0,0.0186,0.0257,95.0539,5.1637
369,-18.0,0.0255,0.0097,450.4197,2.2297
370,-18.0,0.0266,0.006,479.968,4.5873
371,-18.0,0.0222,0.0143,267.745,3.1773
372,-18.0,0.0238,0.018,774.2829,4.2552
373,-18.0,0.0232,0.0055,616.1571,3.3535
374,-18.0,0.0296,0.0109,174.116,5.389
375,-18.0,0.028,0.0197,208.3916,5.8184
376,-18.0,0.0244,0.011,516.1518,1.2552
377,-18.0,0.0216,0.0176,375.4648,2.9121
378,-18.0,0.0227,0.0254,379.6328,3.3937
379,-18.0,0.0275,0.0089,526.0661,2.564
380,-18.0,0.0215,0.0122,737.3652,4.2182
381,-18.0,0.0275,0.0166,662.1957,2.4034
382,-18.0,0.0259,0.0077,95.4659,1.9833
383,-18.0,0.0224,0.0071,413.869,4.8078
384,-18.0,0.0282,0.0206,232.1858,2.249
385,-18.0,0.0272,0.0196,297.9063,4.3417
386,-18.0,0.0218,0.0145,133.0453,3.3364
387,-18.0,0.022,0.0186,777.0633,3.6711
388,-18.0,0.0151,0.0111,295.5269,3.0616
389,-18.0,0.0244,0.0235,708.3764,3.2767
390,-18.0,0.0263,0.0194,366.3783,5.8988
391,-18.0,0.0238,0.0152,754.1695,4.2698
392,-18.0,0.0276,0.0059,796.1053,3.8865
393,-18.0,0.0278,0.0207,91.1375,1.2609
394,-18.0,0.015,0.0059,146.1134,2.9954
395,-18.0,0.0287,0.0166,603.5477,4.9053
396,-18.0,0.025,0.0133,323.3364,4.1275
397,-18.0,0.0248,0.0082,287.9952,4.7344
398,-18.0,0.0169,0.008,91.6152,2.2133
399,-18.0,0.0274,0.0199,737.5083,2.0809
400,-18.0,0.0222,0.0152,468.7149,1.4731
401,-18.0,0.0195,0.0062,266.4048,3.9694
402,-18.0,0.0272,0.0243,101.999,3.1286
403,-18.0,0.018,0.008,299.1608,2.7374
404,-18.0,0.0216,0.005,292.7815,4.7393
405,-18.0,0.0201,0.0075,529.6714,3.4148
406,-18.0,0.0202,0.0086,292.5954,4.1807
407,-18.0,0.03,0.0203,775.3297,4.9634
408,-18.0,0.0236,0.005,496.2116,4.6709
409,-18.0,0.0255,0.0133,488.7751,3.9877
410,-18.0,0.0252,0.012,359.0462,5.9945
411,-18.0,0.0259,0.0055,228.6928,2.4317
412,-18.0,0.0171,0.0207,526.8295,4.0675
413,-18.0,0.0268,0.0257,404.814,5.4275
414,-18.0,0.0254,0.0142,496.3013,4.7662
415,-18.0,0.0221,0.0175,368.3226,3.0479
416,-18.0,0.0261,0.0174,710.1417,4.0864
417,-18.0,0.024,0.0247,376.4019,4.7507
418,-18.0,0.0277,0.0179,367.5899,2.9119
419,-18.0,0.0195,0.0152,166.4324,2.393
420,-18.0,0.0154,0.0066,393.0622,1.1887
421,-18.0,0.0193,0.006,561.0076,5.9191
422,-18.0,0.0174,0.0214,397.9939,1.3167
423,-18.0,0.0287,0.0206,248.7977,5.2972
424,-18.0,0.0215,0.0108,773.9053,4.398
425,-18.0,0.0168,0.0249,540.1777,2.3972
426,-18.0,0.0276,0.0175,532.6047,4.5282
427,-18.0,0.0188,0.0118,782.777,5.3279
428,-18.0,0.0238,0.0154,737.1676,1.4511
429,-18.0,0.0236,0.0116,444.0378,3.8131
430,-18.0,0.0184,0.0159,658.538,2.3083
431,-18.0,0.0247,0.0127,752.3096,2.7221
432,-18.0,0.0176,0.0116,568.1143,2.4774
433,-18.0,0.0242,0.0186,137.5588,2.7683
434,-18.0,0.0244,0.0204,375.5097,5.5082
435,-18.0,0.0283,0.0147,264.5564,4.4014
436,-18.0,0.0157,0.0092,514.8758,3.4159
437,-18.0,0.0172,0.0172,423.0816,2.8549
438,-18.0,0.0257,0.007,566.108,2.7911
439,-18.0,0.0241,0.0097,392.947,2.1478
440,-18.0,0.0271,0.0072,247.0798,5.305
441,-18.0,0.0204,0.0131,344.7333,5.4211
442,-18.0,0.016,0.0246,491.9041,1.961
443,-18.0,0.025,0.0091,294.2224,2.6372
444,-18.0,0.018,0.0226,269.4353,2.3518
445,-18.0,0.0274,0.0171,290.4957,5.1288
446,-18.0,0.0161,0.0132,517.0915,3.9441
447,-18.0,0.0274,0.0233,497.4063,3.0221
448,-18.0,0.0269,0.0144,267.0613,5.6573
449,-18.0,0.0261,0.0085,633.7559,4.1636
450,-18.0,0.0267,0.0107,690.9304,1.0403
451,-18.0,0.03,0.0109,667.9154,2.4215
452,-18.0,0.0233,0.0215,226.4948,2.439
453,-18.0,0.0236,0.0099,779.5693,4.2697
454,-18.0,0.0198,0.0215,752.9429,2.6146
455,-18.0,0.0196,0.0181,730.1831,1.1886
456,-18.0,0.0233,0.0211,172.871,3.7249
457,-18.0,0.0276,0.009,251.1394,2.7636
458,-18.0,0.0254,0.0062,522.1795,5.0051
459,-18.0,0.02,0.0217,186.9015,5.831
460,-18.0,0.0184,0.0101,306.9339,2.358
461,-18.0,0.0167,0.0092,427.0874,5.0011
462,-18.0,0.0231,0.0054,190.6372,2.9053
463,-18.0,0.021,0.0087,185.8498,3.7888
464,-18.0,0.0166,0.0106,539.8106,1.1488
465,-18.0,0.0231,0.0212,468.0466,4.8236
466,-18.0,0.0219,0.0132,259.3126,5.36
467,-18.0,0.022,0.0061,733.1224,3.8269
468,-18.0,0.0204,0.0217,363.3856,3.9992
469,-18.0,0.026,0.0135,105.5022,5.1013
470,-18.0,0.0205,0.024,602.9015,2.6762
471,-18.0,0.0274,0.013,763.7588,2.9647
472,-18.0,0.0193,0.0249,532.5315,5.6414
473,-18.0,0.0251,0.0121,263.2395,3.145
474,-18.0,0.0247,0.012,664.972,1.069
475,-18.0,0.0239,0.0173,467.52,2.1652
476,-18.0,0.0252,0.0252,238.4213,4.1211
477,-18.0,0.0166,0.0235,255.332,2.4539
478,-18.0,0.0294,0.008,157.0942,1.1982
479,-18.0,0.0197,0.0203,671.3019,5.8252
480,-18.0,0.0287,0.0191,499.7481,5.8595
481,-18.0,0.0213,0.0157,519.0714,4.8409
482,-18.0,0.0234,0.0185,656.2265,3.6597
483,-18.0,0.0247,0.0238,469.7342,3.798
484,-18.0,0.0261,0.0191,756.2791,1.7775
485,-18.0,0.0197,0.0219,428.778,4.4622
486,-18.0,0.0276,0.02,411.5639,3.3499
487,-18.0,0.0284,0.0223,760.1012,1.9197
488,-18.0,0.0169,0.0163,541.7064,5.2245
489,-18.0,0.0292,0.0056,207.9305,5.2884
490,-18.0,0.0229,0.0072,581.815,4.531
491,-18.0,0.0249,0.023,301.083,1.9381
492,-18.0,0.0181,0.0081,622.0521,2.0269
493,-18.0,0.0154,0.0131,767.2955,1.1679
494,-18.0,0.0219,0.006,390.1907,5.9638
495,-18.0,0.0273,0.0115,238.0943,3.1532
496,-18.0,0.0283,0.0162,122.2503,4.9799
497,-18.0,0.0205,0.0084,348.7029,1.8955
498,-18.0,0.0209,0.0129,635.7231,2.3046
499,-18.0,0.0184,0.0074,371.4558,1.7099
500,-18.0,0.0185,0.0165,732.11,2.0286
501,-18.0,0.0187,0.0169,517.4753,4.7334
502,-18.0,0.0222,0.006,475.528,3.4897
503,-18.0,0.0173,0.0178,506.1395,2.5329
504,-18.0,0.0258,0.0133,614.662,4.2522
505,-18.0,0.0216,0.0074,546.0593,3.793
506,-18.0,0.0157,0.0236,212.2466,1.74
507,-18.0,0.0295,0.0116,373.8448,1.0889
508,-18.0,0.0282,0.0054,761.6931,4.5596
509,-18.0,0.029,0.0113,646.5634,3.1092
510,-18.0,0.0267,0.0154,683.8737,5.8601
511,-18.0,0.0184,0.0058,482.3843,2.8842
512,-18.0,0.0228,0.0217,623.0424,2.1197
513,-18.0,0.0171,0.0125,157.5796,3.0789
514,-18.0,0.0216,0.0201,617.5322,3.0665
515,-18.0,0.018,0.016,608.0571,5.1544
516,-18.0,0.017,0.0242,614.193,3.714
517,-18.0,0.0296,0.0139,219.0231,3.6091
518,-18.0,0.0204,0.0108,544.0508,2.9572
519,-18.0,0.0159,0.0219,641.1615,5.6242
520,-18.0,0.0271,0.0113,681.4408,3.5902
521,-18.0,0.0158,0.0115,655.6262,5.3893
522,-18.0,0.0246,0.0071,418.6574,2.2442
523,-18.0,0.0154,0.0064,556.9612,5.4367
524,-18.0,0.025,0.0092,332.4009,4.1147
525,-18.0,0.0256,0.0178,125.314,3.8784
526,-18.0,0.027,0.0094,270.4559,4.4368
527,-18.0,0.0257,0.0166,496.8141,1.2799
528,-18.0,0.0291,0.01,632.2178,3.8197
529,-18.0,0.0216,0.0141,469.8167,1.6518
530,-18.0,0.0203,0.0217,583.5965,2.4201
531,-18.0,0.0191,0.0246,375.3362,3.9783
532,-18.0,0.0231,0.0093,464.267,2.1209
533,-18.0,0.0194,0.0222,727.5668,5.7001
534,-18.0,0.0205,0.0198,671.8209,5.6862
535,-18.0,0.0251,0.0121,346.8106,3.3906
536,-18.0,0.0215,0.0197,529.0579,3.6832
537,-18.0,0.0235,0.02,296.9133,3.3885
538,-18.0,0.0186,0.0115,137.6082,5.1261
539,-18.0,0.0203,0.0094,113.5063,5.5543
540,-18.0,0.0228,0.0078,536.5451,1.6931
541,-18.0,0.0228,0.0187,554.0413,3.8032
542,-18.0,0.019,0.0138,289.5238,2.5964
543,-18.0,0.0248,0.0213,747.0343,5.0943
544,-18.0,0.027,0.0224,372.1908,4.8329
545,-18.0,0.0241,0.0121,297.5092,3.8861
546,-18.0,0.0279,0.0131,236.3091,2.5707
547,-18.0,0.0161,0.0161,302.455,2.5955
548,-18.0,0.0192,0.0125,736.3972,5.289
549,-18.0,0.0238,0.0192,394.4767,4.3903
550,-18.0,0.0195,0.0095,557.568,5.4875
551,-18.0,0.0255,0.0244,483.5527,4.5874
552,-18.0,0.0276,0.024,769.7907,2.1586
553,-18.0,0.0292,0.0206,314.4047,3.0869
554,-18.0,0.0281,0.0099,284.8023,4.9994
555,-18.0,0.0242,0.0173,459.8261,1.9557
556,-18.0,0.0214,0.013,588.068,2.7136
557,-18.0,0.0163,0.009,266.0886,1.7796
558,-18.0,0.0245,0.0155,347.1781,1.9786
559,-18.0,0.0222,0.0061,154.1831,3.0054
560,-18.0,0.0258,0.0203,419.8585,2.8906
561,-18.0,0.0285,0.0254,472.2627,4.6395
562,-18.0,0.0284,0.0099,642.4943,1.7344
563,-18.0,0.0268,0.0147,626.7641,4.6895
564,-18.0,0.0161,0.0074,792.3799,5.3207
565,-18.0,0.0222,0.0116,715.8579,4.042
566,-18.0,0.0273,0.0236,647.8846,5.7934
567,-18.0,0.0195,0.0061,380.9798,1.1339
568,-18.0,0.0162,0.0088,158.5525,4.6846
569,-18.0,0.0179,0.0139,322.6871,4.2424
570,-18.0,0.0259,0.0177,125.5113,1.7545
571,-18.0,0.0207,0.0134,387.2819,5.121
572,-18.0,0.0288,0.0082,312.293,5.2091
573,-18.0,0.0273,0.0214,445.0822,3.3087
574,-18.0,0.0186,0.0146,236.21,2.055
575,-18.0,0.022,0.0161,562.7371,4.246
576,-18.0,0.0248,0.0119,711.8322,5.7361
577,-18.0,0.0155,0.0102,357.474,1.5576
578,-18.0,0.0193,0.0249,766.0934,5.7793
579,-18.0,0.0176,0.0237,110.9898,1.1934
580,-18.0,0.0239,0.0225,427.5951,5.4021
581,-18.0,0.0281,0.024,437.5706,4.2118
582,-18.0,0.0204,0.0069,186.0661,4.3202
583,-18.0,0.0233,0.0117,377.1543,1.4279
584,-18.0,0.0292,0.0115,389.0741,1.6577
585,-18.0,0.0171,0.0111,735.9227,3.6982
586,-18.0,0.0153,0.0092,188.8458,3.951
587,-18.0,0.0184,0.0129,780.1636,1.2529
588,-18.0,0.024,0.0199,778.0966,5.683
589,-18.0,0.0278,0.0206,118.6825,1.0271
590,-18.0,0.0186,0.0109,779.1592,1.3184
591,-18.0,0.0175,0.0215,382.1876,2.7726
592,-18.0,0.0279,0.0131,161.0663,3.9375
593,-18.0,0.0207,0.0065,232.9984,2.4591
594,-18.0,0.03,0.0137,668.0572,5.1043
595,-18.0,0.0245,0.0231,369.0165,5.2268
596,-18.0,0.0165,0.0241,292.1742,2.5558
597,-18.0,0.0286,0.0254,690.8647,1.0794
598,-18.0,0.0169,0.0231,461.7169,2.3669
599,-18.0,0.0187,0.016,466.9422,1.5162
600,-18.0,0.018,0.0091,161.0881,1.4304
601,-18.0,0.0189,0.0181,525.6284,1.8361
602,-18.0,0.0173,0.0077,127.0267,1.534
603,-18.0,0.0173,0.0104,409.2953,1.9597
604,-18.0,0.0211,0.0174,119.6918,1.4613
605,-18.0,0.0184,0.0162,469.2364,2.6635
606,-18.0,0.0166,0.0114,748.5803,1.97
607,-18.0,0.0243,0.0209,409.3813,4.4358
608,-18.0,0.0238,0.0088,784.882,4.2079
609,-18.0,0.0258,0.0257,579.3178,1.756
610,-18.0,0.0239,0.0251,153.0049,5.2782
611,-18.0,0.0157,0.0207,752.3222,1.348
612,-18.0,0.0199,0.0146,623.4048,4.5826
613,-18.0,0.0231,0.0256,366.5047,5.1822
614,-18.0,0.0175,0.0243,529.8816,3.5742
615,-18.0,0.0169,0.0068,515.8746,4.7329
616,-18.0,0.022,0.0094,538.3522,3.9946
617,-18.0,0.0155,0.0083,648.2717,1.0156
618,-18.0,0.0224,0.019,137.711,2.5672
619,-18.0,0.0254,0.0103,531.6589,4.6703
620,-18.0,0.0293,0.0156,748.1421,3.3632
621,-18.0,0.0274,0.0058,155.8495,2.9129
622,-18.0,0.0296,0.0147,311.8894,1.3234
623,-18.0,0.0262,0.0209,491.2991,2.3172
624,-18.0,0.0292,0.0251,444.9179,4.8311
625,-18.0,0.0217,0.011,289.2805,4.5381
626,-18.0,0.0222,0.0124,625.2725,1.2569
627,-18.0,0.018,0.0084,508.5179,5.2203
628,-18.0,0.0223,0.0139,434.5927,1.6831
629,-18.0,0.0242,0.0221,597.2857,5.4958
630,-18.0,0.029,0.0091,650.2582,5.8851
631,-18.0,0.0259,0.024,502.4456,4.4626
632,-18.0,0.0186,0.0185,610.3412,2.7973
633,-18.0,0.0269,0.0154,581.9361,2.1009
634,-18.0,0.0276,0.0199,499.4444,3.8958
635,-18.0,0.0199,0.0225,666.8444,1.4439
636,-18.0,0.0219,0.0092,678.9765,1.2662
637,-18.0,0.0297,0.0094,447.3512,1.3687
638,-18.0,0.0214,0.0105,662.6594,3.7102
639,-18.0,0.0174,0.0225,494.7516,5.3828
640,-18.0,0.0257,0.0068,95.4811,1.8681
641,-18.0,0.0293,0.009,723.5103,4.3546
642,-18.0,0.0227,0.02,136.6879,2.4762
643,-18.0,0.0197,0.0216,268.2814,1.8934
644,-18.0,0.0273,0.0114,533.8417,1.8509
645,-18.0,0.0201,0.0192,421.8677,3.7634
646,-18.0,0.0205,0.0106,311.488,3.315
647,-18.0,0.0209,0.0127,383.7275,2.2488
648,-18.0,0.0272,0.0164,224.4893,1.3142
649,-18.0,0.0189,0.0062,174.3552,2.7661
650,-18.0,0.0197,0.0248,322.8043,2.6117
651,-18.0,0.0245,0.0181,192.5472,2.5964
652,-18.0,0.0158,0.0053,523.0934,3.3207
653,-18.0,0.0171,0.0088,607.0414,2.914
654,-18.0,0.0236,0.0151,589.3276,2.4536
655,-18.0,0.0249,0.0065,783.3681,1.5827
656,-18.0,0.0243,0.0058,778.0311,4.6327
657,-18.0,0.0197,0.007,382.8879,3.6923
658,-18.0,0.0207,0.0192,361.7853,4.1835
659,-18.0,0.0174,0.0162,601.1064,3.0751
660,-18.0,0.0172,0.0211,107.1638,4.9962
661,-18.0,0.0191,0.0101,431.4689,1.9697
662,-18.0,0.0152,0.0064,327.0256,4.7359
663,-18.0,0.0294,0.0123,748.9614,1.863
664,-18.0,0.0208,0.0102,724.7016,1.1225
665,-18.0,0.0231,0.0174,694.0828,1.2049
666,-18.0,0.0267,0.021,388.7825,3.3109
667,-18.0,0.022,0.0144,448.0774,1.6226
668,-18.0,0.0222,0.0244,472.2383,1.4825
669,-18.0,0.0238,0.0245,91.1641,2.5662
670,-18.0,0.0266,0.0085,346.5329,5.1567
671,-18.0,0.0237,0.0144,380.0962,1.9163
672,-18.0,0.0238,0.0241,195.4489,1.7248
673,-18.0,0.0247,0.0103,172.7748,4.6383
674,-18.0,0.0175,0.0052,595.52,3.5152
675,-18.0,0.019,0.0179,234.6157,5.6767
676,-18.0,0.0277,0.0091,214.9242,3.3183
677,-18.0,0.0156,0.0152,105.6588,1.7504
678,-18.0,0.0289,0.0062,618.6627,2.6824
679,-18.0,0.0239,0.0233,651.4932,1.9727
680,-18.0,0.0298,0.0123,333.5911,3.8158
681,-18.0,0.0245,0.0121,546.7199,3.8334
682,-18.0,0.0292,0.0259,311.0975,2.0894
683,-18.0,0.0251,0.0168,571.5392,5.7179
684,-18.0,0.0164,0.0093,439.8353,1.2538
685,-18.0,0.0193,0.0214,345.9202,3.7229
686,-18.0,0.0187,0.0191,488.2102,2.4495
687,-18.0,0.0294,0.02,606.4241,3.7076
688,-18.0,0.0159,0.0062,315.4662,5.0837
689,-18.0,0.0173,0.0195,764.1452,4.8021
690,-18.0,0.0217,0.0137,521.3815,4.5366
691,-18.0,0.0266,0.0256,629.0447,1.5873
692,-18.0,0.024,0.008,574.5046,3.4399
693,-18.0,0.0276,0.005,708.2556,1.0661
694,-18.0,0.0266,0.0222,669.8681,4.0182
695,-18.0,0.0259,0.0143,534.2205,5.7176
696,-18.0,0.021,0.0215,347.5497,1.773
697,-18.0,0.0273,0.0232,443.7592,3.2584
698,-18.0,0.0246,0.0189,478.4564,2.6377
699,-18.0,0.0246,0.0215,273.6157,1.2634
700,-18.0,0.0294,0.0143,356.8156,4.2641
701,-18.0,0.0164,0.0156,152.4374,3.1854
702,-18.0,0.0248,0.0211,746.5562,3.6129
703,-18.0,0.0164,0.0224,648.2286,5.497
704,-18.0,0.0275,0.0055,427.3352,2.8503
705,-18.0,0.0175,0.0163,714.3932,1.4583
706,-18.0,0.0242,0.0098,169.2433,2.6126
707,-18.0,0.0254,0.0097,659.2231,2.9764
708,-18.0,0.0269,0.0189,594.7814,3.9137
709,-18.0,0.0238,0.0128,638.2742,5.3694
710,-18.0,0.0194,0.0064,205.4754,5.7773
711,-18.0,0.02,0.0081,219.5091,1.307
712,-18.0,0.026,0.0061,331.7819,1.021
713,-18.0,0.0267,0.0254,727.6822,5.9632
714,-18.0,0.0219,0.026,648.2432,5.4155
715,-18.0,0.0254,0.0243,557.7014,3.0173
716,-18.0,0.0282,0.0245,248.5728,2.5999
717,-18.0,0.0175,0.0077,627.0892,3.7373
718,-18.0,0.0242,0.0112,398.158,2.3264
719,-18.0,0.0287,0.0235,274.5681,1.1796
720,-18.0,0.017,0.0216,232.1238,3.6907
721,-18.0,0.0257,0.0082,675.7507,5.1644
722,-18.0,0.0259,0.0083,287.8668,1.7031
723,-18.0,0.0188,0.0088,783.0712,1.4923
724,-18.0,0.0244,0.0103,150.7217,5.6848
725,-18.0,0.0276,0.0082,348.5578,1.9141
726,-18.0,0.0246,0.0065,313.7629,1.671
727,-18.0,0.0276,0.022,543.8613,5.1057
728,-18.0,0.0254,0.0243,644.3449,3.7008
729,-18.0,0.0154,0.0236,230.4401,3.7099
730,-18.0,0.0206,0.0247,699.4348,4.2747
731,-18.0,0.0273,0.0231,243.1923,5.3283
732,-18.0,0.0192,0.0209,460.2423,5.2469
733,-18.0,0.0206,0.0241,99.7558,3.8711
734,-18.0,0.0183,0.0236,481.7913,5.0999
735,-18.0,0.0223,0.0096,721.1003,1.0467
736,-18.0,0.0227,0.0094,452.3263,4.1252
737,-18.0,0.0206,0.0246,432.1843,2.9641
738,-18.0,0.0223,0.0256,429.0171,3.5569
739,-18.0,0.0208,0.0238,737.3832,2.9919
740,-18.0,0.0296,0.0157,382.1319,1.9749
741,-18.0,0.0299,0.0073,464.7326,4.3465
742,-18.0,0.0249,0.0176,430.3096,5.6232
743,-18.0,0.0299,0.0259,531.3782,3.5881
744,-18.0,0.0243,0.0234,370.6237,1.3089
745,-18.0,0.0252,0.0075,552.1955,2.0159
746,-18.0,0.0284,0.0236,612.7771,2.6286
747,-18.0,0.0203,0.0118,372.037,3.3132
748,-18.0,0.0258,0.0225,653.3889,3.6437
749,-18.0,0.0156,0.0168,731.1007,5.7003
750,-18.0,0.0199,0.0214,232.3091,5.7728
751,-18.0,0.0271,0.0097,743.439,2.5509
752,-18.0,0.0153,0.0252,393.8559,4.9361
753,-18.0,0.0194,0.0192,372.2249,1.3388
754,-18.0,0.0267,0.0232,98.3926,1.7623
755,-18.0,0.017,0.0111,333.6437,5.4932
756,-18.0,0.0285,0.0249,309.17,4.6215
757,-18.0,0.0268,0.0058,381.9741,1.7157
758,-18.0,0.0298,0.0185,497.1969,4.3756
759,-18.0,0.0182,0.0124,776.1087,1.0154
760,-18.0,0.0153,0.024,458.9652,4.8209
761,-18.0,0.0163,0.0097,591.344,2.5405
762,-18.0,0.0181,0.0159,421.4827,4.4467
763,-18.0,0.0193,0.0229,222.3539,3.6291
764,-18.0,0.0289,0.0211,257.3651,1.711
765,-18.0,0.019,0.0058,406.5217,2.1076
766,-18.0,0.0285,0.0147,428.7681,2.3015
767,-18.0,0.0159,0.0226,392.5592,1.4809
768,-18.0,0.0282,0.0212,714.6384,5.444
769,-18.0,0.0248,0.0077,661.0845,1.8094
770,-18.0,0.0214,0.017,564.8256,5.7475
771,-18.0,0.0241,0.0069,164.4059,5.654
772,-18.0,0.0278,0.0054,183.855,4.0707
773,-18.0,0.019,0.0084,668.0548,4.3235
774,-18.0,0.0271,0.0099,646.6214,2.2637
775,-18.0,0.0267,0.0131,90.8171,3.5221
776,-18.0,0.0276,0.025,442.8866,2.0557
777,-18.0,0.0266,0.0097,512.2548,4.8076
778,-18.0,0.0268,0.0171,136.7682,4.7285
779,-18.0,0.0187,0.0148,424.3356,1.7589
780,-18.0,0.0297,0.016,632.2545,5.5357
781,-18.0,0.0246,0.0123,177.5935,3.8654
782,-18.0,0.0228,0.0097,300.0065,4.5563
783,-18.0,0.0196,0.0175,584.8434,2.7644
784,-18.0,0.0265,0.0172,645.0342,1.3714
785,-18.0,0.0284,0.0196,125.3977,2.072
786,-18.0,0.0294,0.021,476.813,4.5694
787,-18.0,0.0184,0.0119,172.8103,2.4354
788,-18.0,0.0162,0.0112,187.364,4.6834
789,-18.0,0.0219,0.0186,401.6239,4.9477
790,-18.0,0.0228,0.0164,695.592,4.8251
791,-18.0,0.0181,0.0091,495.4263,1.9248
792,-18.0,0.029,0.0212,190.739,4.917
793,-18.0,0.0206,0.0066,319.6405,5.6739
794,-18.0,0.0252,0.0143,330.9114,5.2105
795,-18.0,0.0282,0.0063,639.7119,1.92
796,-18.0,0.0254,0.026,296.6911,4.5487
797,-18.0,0.022,0.0259,715.2058,5.7319
798,-18.0,0.0222,0.0212,646.5914,4.8787
799,-18.0,0.0297,0.0055,484.7074,1.122
800,-18.0,0.0184,0.0119,667.4503,5.6663
801,-18.0,0.0236,0.0158,646.1014,5.6136
802,-18.0,0.0154,0.0099,144.6975,1.1408
803,-18.0,0.022,0.0179,173.4914,1.7762
804,-18.0,0.0281,0.0115,577.3212,4.0141
805,-18.0,0.0289,0.0065,752.8343,3.7841
806,-18.0,0.0215,0.0173,745.8405,1.5585
807,-18.0,0.0165,0.0245,547.2663,1.5213
808,-18.0,0.0161,0.0212,639.9741,2.9009
809,-18.0,0.0168,0.0114,504.0184,2.0301
810,-18.0,0.0293,0.0088,570.434,5.7984
811,-18.0,0.0238,0.0119,796.3332,1.8892
812,-18.0,0.0153,0.0177,355.7322,3.0403
813,-18.0,0.0156,0.0125,697.948,3.214
814,-18.0,0.0187,0.0175,147.6746,5.6828
815,-18.0,0.0184,0.0129,561.638,4.7134
816,-18.0,0.0187,0.0199,128.9291,2.2073
817,-18.0,0.0192,0.0214,566.4447,4.4271
818,-18.0,0.0216,0.0165,272.2291,3.4458
819,-18.0,0.0237,0.0128,641.9661,4.855
820,-18.0,0.0252,0.0079,691.9459,3.8655
821,-18.0,0.0248,0.0102,212.2045,4.0954
822,-18.0,0.0293,0.0205,182.2846,3.0522
823,-18.0,0.0271,0.0107,557.379,5.1245
824,-18.0,0.0246,0.0192,181.5928,2.8629
825,-18.0,0.0289,0.0078,682.214,3.8581
826,-18.0,0.0246,0.0167,124.4093,4.269
827,-18.0,0.027,0.0063,711.1459,5.0969
828,-18.0,0.028,0.0174,490.4689,3.7773
829,-18.0,0.0222,0.0114,480.9955,2.7438
830,-18.0,0.0164,0.0258,760.0386,5.2535
831,-18.0,0.0284,0.0187,330.3587,3.0954
832,-18.0,0.0155,0.0248,682.3074,2.066
833,-18.0,0.0268,0.014,734.6228,3.8169
834,-18.0,0.0173,0.0117,370.1629,2.4665
835,-18.0,0.0226,0.0079,770.6508,1.7968
836,-18.0,0.0162,0.0156,484.8455,2.0854
837,-18.0,0.0275,0.0178,187.7023,5.9202
838,-18.0,0.029,0.0163,184.1791,2.5028
839,-18.0,0.019,0.0147,581.8498,5.1015
840,-18.0,0.0268,0.0073,248.2538,5.8394
841,-18.0,0.0262,0.0174,378.8024,3.2118
842,-18.0,0.0253,0.0082,638.8281,4.1826
843,-18.0,0.0178,0.0099,91.2417,4.6864
844,-18.0,0.0212,0.0246,597.0655,1.6247
845,-18.0,0.0235,0.0136,345.7824,2.1711
846,-18.0,0.0264,0.0108,714.0185,4.9268
847,-18.0,0.0234,0.0156,203.8071,5.8032
848,-18.0,0.0153,0.0093,684.9893,5.5949
849,-18.0,0.0278,0.0259,753.0781,3.7832
850,-18.0,0.0249,0.0093,488.1725,4.168
851,-18.0,0.0272,0.0135,180.6562,2.1323
852,-18.0,0.0236,0.0162,331.55,3.6662
853,-18.0,0.0175,0.0145,125.187,5.3978
854,-18.0,0.0175,0.0201,515.7703,4.5997
855,-18.0,0.0184,0.0089,455.2901,3.8227
856,-18.0,0.0261,0.0214,514.8134,4.9673
857,-18.0,0.0266,0.0187,431.3525,5.9279
858,-18.0,0.0289,0.0218,489.2604,3.3814
859,-18.0,0.0213,0.0092,123.1519,5.6878
860,-18.0,0.0172,0.0137,507.0825,4.7906
861,-18.0,0.0174,0.0164,417.0056,1.5895
862,-18.0,0.0215,0.0236,462.7279,4.1013
863,-18.0,0.0276,0.0169,390.0157,4.9725
864,-18.0,0.0173,0.011,592.1588,4.5224
865,-18.0,0.0198,0.0225,487.091,2.9601
866,-18.0,0.0293,0.0248,361.8155,4.2224
867,-18.0,0.0193,0.0243,200.1997,3.2506
868,-18.0,0.0252,0.008,595.3413,3.2305
869,-18.0,0.0247,0.0173,738.6482,5.7042
870,-18.0,0.018,0.0083,411.6732,4.1558
871,-18.0,0.0177,0.0164,639.848,3.2448
872,-18.0,0.0159,0.0093,471.0769,1.0595
873,-18.0,0.0239,0.011,414.7781,5.732
874,-18.0,0.0153,0.0103,526.5241,1.1451
875,-18.0,0.03,0.0181,287.2454,2.6822
876,-18.0,0.0169,0.0067,760.1253,2.6627
877,-18.0,0.023,0.0072,388.1169,3.2843
878,-18.0,0.0152,0.0229,311.6151,4.6124
879,-18.0,0.0173,0.0255,752.7184,5.1415
880,-18.0,0.0239,0.0104,295.1143,1.3424
881,-18.0,0.0202,0.009,440.4549,3.7782
882,-18.0,0.0233,0.0193,206.1036,1.6655
883,-18.0,0.0239,0.0188,417.7341,2.7421
884,-18.0,0.0226,0.025,582.3627,3.6217
885,-18.0,0.029,0.02,475.7481,2.4363
886,-18.0,0.0194,0.0115,116.4175,4.8483
887,-18.0,0.0176,0.025,228.0087,2.8709
888,-18.0,0.0241,0.0156,758.6223,3.2441
889,-18.0,0.0295,0.0116,476.9082,2.0781
890,-18.0,0.0156,0.0116,230.0252,3.6431
891,-18.0,0.0202,0.0066,313.7246,1.9013
892,-18.0,0.0175,0.0097,653.1153,4.7775
893,-18.0,0.0171,0.0083,782.4538,2.5606
894,-18.0,0.0182,0.0191,796.1974,2.5245
895,-18.0,0.0181,0.0176,314.6666,1.835
896,-18.0,0.029,0.0181,378.1609,1.7288
897,-18.0,0.0222,0.0203,581.0129,4.4828
898,-18.0,0.0246,0.0214,231.7924,4.578
899,-18.0,0.0175,0.0106,202.8225,2.4187
900,-18.0,0.0237,0.0115,642.2241,5.6458
901,-18.0,0.0213,0.0194,438.1245,5.4359
902,-18.0,0.0184,0.0224,553.5057,5.2946
903,-18.0,0.0251,0.0164,363.5344,4.4075
904,-18.0,0.0266,0.0211,620.9859,3.3886
905,-18.0,0.016,0.016,535.5198,3.067
906,-18.0,0.0154,0.0101,111.3174,4.1599
907,-18.0,0.0222,0.0226,663.4089,5.5553
908,-18.0,0.0203,0.0162,249.5217,1.1921
909,-18.0,0.0167,0.019,424.6444,1.0263
910,-18.0,0.0166,0.0103,418.181,3.3029
911,-18.0,0.0188,0.0116,485.637,4.1637
912,-18.0,0.0177,0.0058,329.8773,2.659
913,-18.0,0.0299,0.0078,131.2909,4.0041
914,-18.0,0.0239,0.0252,253.2723,5.0466
915,-18.0,0.0265,0.0205,118.646,3.0671
916,-18.0,0.026,0.0218,565.2272,3.0
917,-18.0,0.0267,0.0057,298.726,1.9719
918,-18.0,0.0252,0.0223,395.9268,2.2349
919,-18.0,0.0185,0.025,604.2817,5.2662
920,-18.0,0.0218,0.019,139.0421,2.3681
921,-18.0,0.0294,0.011,636.5284,5.1296
922,-18.0,0.017,0.0251,347.7508,5.8121
923,-18.0,0.0208,0.015,307.3683,5.2593
924,-18.0,0.0299,0.02,447.5182,1.9693
925,-18.0,0.0153,0.0112,98.2714,4.8039
926,-18.0,0.0157,0.0119,140.1261,4.4835
927,-18.0,0.0203,0.0139,776.4429,2.5652
928,-18.0,0.0183,0.0148,470.8427,1.5022
929,-18.0,0.0264,0.0167,781.0952,1.869
930,-18.0,0.0199,0.0092,530.083,3.4489
931,-18.0,0.0192,0.0225,562.1084,4.9468
932,-18.0,0.0191,0.0168,402.3102,1.6743
933,-18.0,0.0251,0.0258,528.1941,2.5951
934,-18.0,0.0234,0.0255,765.1854,3.2136
935,-18.0,0.0223,0.0224,463.5729,5.5643
936,-18.0,0.0179,0.0074,459.0619,1.7114
937,-18.0,0.0195,0.0155,311.4019,5.9575
938,-18.0,0.0176,0.0145,464.21,2.6016
939,-18.0,0.0281,0.0208,566.6277,1.2125
940,-18.0,0.0177,0.0203,186.8794,5.1645
941,-18.0,0.0208,0.0217,690.3369,1.6551
942,-18.0,0.0173,0.0142,200.5055,4.8107
943,-18.0,0.0158,0.0183,625.1123,4.9235
944,-18.0,0.0281,0.0237,557.8782,1.4523
945,-18.0,0.0282,0.0212,757.2265,2.8913
946,-18.0,0.0178,0.0162,729.8099,1.1644
947,-18.0,0.0163,0.01,401.6031,5.7684
948,-18.0,0.0189,0.0117,500.7088,3.1594
949,-18.0,0.0221,0.0195,219.5674,5.7252
950,-18.0,0.0252,0.0079,203.4279,3.0817
951,-18.0,0.026,0.0239,445.3194,1.8731
952,-18.0,0.0264,0.0162,613.2072,2.7971
953,-18.0,0.0222,0.0066,332.6139,3.6255
954,-18.0,0.0227,0.0099,591.1086,1.0252
955,-18.0,0.0263,0.0241,525.7846,2.7708
956,-18.0,0.0268,0.0227,120.4803,2.4582
957,-18.0,0.0176,0.0053,482.0582,4.0292
958,-18.0,0.0298,0.0095,147.1777,5.7343
959,-18.0,0.0181,0.019,140.2231,3.8576
960,-18.0,0.029,0.0151,642.641,1.2344
961,-18.0,0.022,0.0098,555.7584,1.8752
962,-18.0,0.0172,0.0214,312.0617,2.4326
963,-18.0,0.0189,0.0051,381.6764,4.072
964,-18.0,0.0236,0.0251,790.87,2.4975
965,-18.0,0.0207,0.0074,388.4411,4.4427
966,-18.0,0.0224,0.0093,621.218,2.5075
967,-18.0,0.0228,0.0195,284.277,4.7417
968,-18.0,0.0186,0.0083,239.6491,5.1446
969,-18.0,0.0284,0.0129,425.8747,3.1059
970,-18.0,0.0263,0.0181,104.3086,2.3272
971,-18.0,0.0202,0.0251,408.6271,2.713
972,-18.0,0.0253,0.0244,135.1725,4.1241
973,-18.0,0.0169,0.0249,328.7582,5.0411
974,-18.0,0.0211,0.0212,252.1559,5.5295
975,-18.0,0.0286,0.0157,600.8226,2.3532
976,-18.0,0.0208,0.0163,716.4535,3.7188
977,-18.0,0.0226,0.0106,268.9301,3.2015
978,-18.0,0.0176,0.0153,444.1769,3.3243
979,-18.0,0.0169,0.0238,668.6874,3.298
980,-18.0,0.0269,0.0093,169.6801,4.9004
981,-18.0,0.0299,0.0066,774.0436,4.4848
982,-18.0,0.0267,0.0211,273.9139,5.8057
983,-18.0,0.0252,0.0212,596.358,5.7503
984,-18.0,0.0272,0.0164,641.2838,4.9176
985,-18.0,0.0212,0.0155,107.4338,1.4056
986,-18.0,0.0165,0.0201,261.743,4.0187
987,-18.0,0.0285,0.0118,300.3807,5.1444
988,-18.0,0.0195,0.021,508.4328,2.47
989,-18.0,0.0206,0.0192,795.7983,5.239
990,-18.0,0.0284,0.0131,301.1054,2.4229
991,-18.0,0.0262,0.0193,333.7144,2.5802
992,-18.0,0.0167,0.0066,685.0539,4.1996
993,-18.0,0.0233,0.0146,720.1493,1.9858
994,-18.0,0.0197,0.0164,381.4004,3.3475
995,-18.0,0.0156,0.0214,132.5665,3.4881
996,-18.0,0.0179,0.0226,189.8362,4.2549
997,-18.0,0.0279,0.021,374.7764,1.5767
998,-18.0,0.0275,0.0133,159.5978,5.8992
999,-18.0,0.0159,0.0214,629.0257,2.0797
