-22.998
-23.113
-23.159
-23.2
-23.179
-23.158
-23.114
-23.074
-23.028
-22.979
-22.915
-22.87
-22.799
-22.745
-22.667
-22.593
-22.534
-22.464
-22.393
-22.339
-22.28
-22.222
-22.163
-22.099
-22.016
-21.957
-21.878
-21.82
-21.753
-21.698
-21.631
-21.573
-21.522
-21.466
-21.389
-21.332
-21.271
-21.226
-21.176
-21.092
-21.055
-21.003
-20.955
-20.907
-20.839
-20.794
-20.743
-20.694
-20.643
-20.576
-20.532
-20.491
-20.447
-20.395
-20.351
-20.287
-20.255
-20.216
-20.144
-20.112
-20.064
-20.021
-19.979
-19.94
-19.905
-19.859
-19.817
-19.778
-19.728
-19.694
-19.66
-19.608
-19.566
-19.528
-19.497
-19.455
-19.424
-19.38
-19.338
-19.304
-19.262
-19.228
-19.206
-19.157
-19.12
-19.082
-19.052
-18.994
-18.976
-18.923
-18.902
-18.873
-18.84
-18.8
-18.758
-18.736
-18.694
-18.678
-18.636
-18.598
-18.563
-18.54
-18.525
-18.46
-18.433
-18.41
-18.368
-18.338
-18.311
-18.292
-18.249
-18.222
-18.165
-18.139
-18.114
-18.084
-18.047
-18.009
-17.991
-17.949
-17.912
-17.882
-17.851
-17.825
-17.792
-17.746
-17.723
-17.691
-17.674
-17.652
-17.599
-17.578
-17.551
-17.522
-17.471
-17.454
-17.418
-17.381
-17.362
-17.315
-17.287
-17.266
-17.241
-17.211
-17.192
-17.159
-17.133
-17.108
-17.076
-17.049
-17.022
-16.989
-16.953
-16.921
-16.897
-16.876
-16.852
-16.824
-16.79
-16.759
-16.728
-16.715
-16.686
-16.66
-16.639
-16.612
-16.593
-16.56
-16.524
-16.496
-16.472
-16.427
-16.406
-16.391
-16.377
-16.327
-16.32
-16.297
-16.273
-16.249
-16.221
-16.209
-16.171
-16.136
-16.107
-16.083
-16.058
-16.039
-16.011
-15.981
-15.957
-15.948
-15.931
-15.898
-15.863
-15.831
-15.813
-15.784
-15.763
-15.739
-15.705
-15.699
-15.662
-15.643
-15.622
-15.606
-15.577
-15.561
-15.526
-15.516
-15.488
-15.455
-15.457
-15.427
-15.417
-15.384
-15.355
-15.323
-15.321
-15.302
-15.279
-15.244
-15.215
-15.206
-15.185
-15.16
-15.132
-15.121
-15.09
-15.047
-15.04
-15.022
-14.995
-14.959
-14.957
-14.928
-14.897
-14.881
-14.856
-14.83
-14.826
-14.785
-14.772
-14.732
-14.705
-14.695
-14.668
-14.654
-14.638
-14.612
-14.598
-14.571
-14.55
-14.536
-14.507
-14.504
-14.467
-14.462
-14.443
-14.42
-14.386
-14.369
-14.354
-14.327
-14.309
-14.289
-14.283
-14.265
-14.232
-14.209
-14.179
-14.181
-14.156
-14.142
-14.12
-14.096
-14.074
-14.05
-14.057
-14.013
-14
-13.974
-13.956
-13.93
-13.919
-13.901
-13.872
-13.847
-13.831
-13.816
-13.796
-13.782
-13.764
-13.733
-13.717
-13.699
-13.681
-13.665
-13.648
-13.63
-13.608
-13.599
-13.578
-13.551
-13.533
-13.516
-13.488
-13.477
-13.466
-13.442
-13.411
-13.389
-13.387
-13.379
-13.346
-13.339
-13.309
-13.304
-13.284
-13.26
-13.261
-13.228
-13.206
-13.187
-13.172
-13.146
-13.137
-13.121
-13.102
-13.083
-13.059
-13.037
-13.023
-13.015
-12.977
-12.962
-12.952
-12.928
-12.919
-12.899
-12.878
-12.865
-12.845
-12.836
-12.816
-12.805
-12.776
-12.755
-12.722
-12.708
-12.692
-12.675
-12.656
-12.641
-12.606
-12.594
-12.581
-12.581
-12.549
-12.533
-12.507
-12.494
-12.489
-12.464
-12.455
-12.427
-12.42
-12.407
-12.389
-12.367
-12.361
-12.35
-12.319
-12.32
-12.299
-12.291
-12.288
-12.243
-12.251
-12.222
-12.202
-12.201
-12.182
-12.152
-12.152
-12.139
-12.12
-12.11
-12.072
-12.068
-12.067
-12.044
-12.026
-12.024
-12.009
-11.996
-11.963
-11.949
-11.939
-11.93
-11.905
-11.887
-11.86
-11.851
-11.834
-11.806
-11.8
-11.8
-11.792
-11.772
-11.742
-11.758
-11.714
-11.698
-11.695
-11.669
-11.664
-11.641
-11.624
-11.618
-11.597
-11.585
-11.568
-11.567
-11.553
-11.541
-11.532
-11.513
-11.496
-11.483
-11.457
-11.442
-11.427
-11.41
-11.393
-11.377
-11.368
-11.347
-11.332
-11.331
-11.322
-11.307
-11.285
-11.285
-11.275
-11.262
-11.238
-11.225
-11.214
-11.191
-11.172
-11.177
-11.174
-11.163
-11.145
-11.133
-11.107
-11.102
-11.073
-11.077
-11.061
-11.057
-11.028
-11.015
-10.997
-10.981
-10.991
-10.974
-10.971
-10.945
-10.936
-10.912
-10.909
-10.884
-10.869
-10.854
-10.847
-10.831
-10.823
-10.814
-10.818
-10.806
-10.788
-10.776
-10.765
-10.75
-10.74
-10.738
-10.706
-10.702
-10.692
-10.691
-10.685
-10.653
-10.642
-10.632
-10.614
-10.607
-10.594
-10.58
-10.566
-10.563
-10.533
-10.517
-10.501
-10.497
-10.484
-10.465
-10.466
-10.448
-10.436
-10.43
-10.434
-10.406
-10.393
-10.387
-10.37
-10.359
-10.365
-10.343
-10.331
-10.317
-10.313
-10.296
-10.303
-10.28
-10.267
-10.269
-10.261
-10.238
-10.232
-10.221
-10.216
-10.222
-10.206
-10.181
-10.172
-10.162
-10.138
-10.112
-10.102
-10.104
-10.093
-10.086
-10.091
-10.068
-10.041
-10.032
-10.019
-10.009
-10.009
-9.973
-9.977
-9.971
-9.95
-9.95
-9.945
-9.93
-9.927
-9.916
-9.913
-9.891
-9.883
-9.871
-9.873
-9.853
-9.849
-9.835
-9.827
-9.816
-9.794
-9.808
-9.797
-9.781
-9.782
-9.764
-9.751
-9.74
-9.729
-9.713
-9.73
-9.711
-9.694
-9.669
-9.678
-9.659
-9.665
-9.65
-9.647
-9.628
-9.621
-9.617
-9.598
-9.591
-9.565
-9.575
-9.572
-9.565
-9.554
-9.544
-9.541
-9.513
-9.53
-9.502
-9.492
-9.494
-9.477
-9.447
-9.45
-9.447
-9.438
-9.427
-9.438
-9.416
-9.42
-9.405
-9.387
-9.378
-9.385
-9.377
-9.365
-9.373
-9.363
-9.359
-9.352
-9.326
-9.324
-9.303
-9.29
-9.29
-9.266
-9.265
-9.252
-9.24
-9.234
-9.224
-9.214
-9.214
-9.201
-9.194
-9.168
-9.158
-9.148
-9.158
-9.148
-9.127
-9.133
-9.121
-9.108
-9.112
-9.082
-9.075
-9.053
-9.049
-9.032
-9.019
-8.998
-8.993
-8.982
-8.974
-8.962
-8.962
-8.959
-8.925
-8.925
-8.909
-8.927
-8.907
-8.907
-8.889
-8.879
-8.874
-8.855
-8.862
-8.853
-8.828
-8.822
-8.828
-8.81
-8.781
-8.783
-8.772
-8.752
-8.754
-8.742
-8.753
-8.745
-8.725
-8.701
-8.7
-8.705
-8.683
-8.676
-8.676
-8.664
-8.653
-8.651
-8.639
-8.632
-8.622
-8.626
-8.619
-8.611
-8.588
-8.593
-8.583
-8.561
-8.543
-8.536
-8.532
-8.528
-8.534
-8.51
-8.505
-8.484
-8.487
-8.48
-8.469
-8.452
-8.451
-8.454
-8.426
-8.419
-8.41
-8.409
-8.394
-8.385
-8.38
-8.361
-8.351
-8.355
-8.353
-8.339
-8.34
-8.329
-8.323
-8.309
-8.31
-8.3
-8.278
-8.264
-8.254
-8.262
-8.254
-8.24
-8.233
-8.235
-8.224
-8.218
-8.225
-8.198
-8.173
-8.189
-8.165
-8.144
-8.145
-8.143
-8.133
-8.128
-8.121
-8.105
-8.095
-8.088
-8.092
-8.082
-8.08
-8.066
-8.061
-8.048
-8.042
-8.025
-8.028
-8.011
-8.008
-8.002
-8.007
-7.993
-7.982
-7.976
-7.961
-7.955
-7.969
-7.951
-7.935
-7.925
-7.917
-7.921
-7.908
-7.911
-7.897
-7.881
-7.871
-7.875
-7.869
-7.863
-7.845
-7.842
-7.834
-7.831
-7.823
-7.821
-7.822
-7.798
-7.794
-7.786
-7.778
-7.771
-7.757
-7.75
-7.751
-7.746
-7.731
-7.72
-7.708
-7.693
-7.698
-7.699
-7.69
-7.699
-7.693
-7.676
-7.678
-7.664
-7.655
-7.647
-7.639
-7.62
-7.614
-7.62
-7.611
-7.601
-7.598
-7.577
-7.575
-7.586
-7.573
-7.552
-7.55
-7.542
-7.538
-7.531
-7.507
-7.506
-7.484
-7.496
-7.497
-7.485
-7.471
-7.46
-7.464
-7.453
-7.459
-7.446
-7.444
-7.431
-7.437
-7.431
-7.415
-7.398
-7.406
-7.397
-7.403
-7.394
-7.378
-7.372
-7.36
-7.363
-7.351
-7.343
-7.334
-7.315
-7.32
-7.317
-7.313
-7.288
-7.277
-7.285
-7.28
-7.278
-7.26
-7.257
-7.246
-7.236
-7.221
-7.232
-7.222
-7.238
-7.21
-7.203
-7.187
-7.181
-7.172
-7.174
-7.163
-7.173
-7.155
-7.146
-7.154
-7.13
-7.11
-7.123
-7.104
-7.102
-7.105
-7.105
-7.081
-7.077
-7.071
-7.06
-7.055
-7.062
-7.04
-7.031
-7.021
-7.017
-7.025
-7.009
-6.999
-6.989
-7
-6.963
-6.967
-6.971
-6.971
-6.98
-6.972
-6.953
-6.942
-6.935
-6.932
-6.929
-6.926
-6.913
-6.901
-6.885
-6.89
-6.89
-6.861
-6.87
-6.881
-6.865
-6.839
-6.832
-6.827
-6.836
-6.819
-6.803
-6.791
-6.793
-6.766
-6.792
-6.78
-6.767
-6.774
-6.763
-6.755
-6.749
-6.742
-6.733
-6.728
-6.728
-6.73
-6.723
-6.711
-6.7
-6.696
-6.684
-6.682
-6.688
-6.677
-6.676
-6.672
-6.657
-6.652
-6.634
-6.644
-6.639
-6.611
-6.601
-6.614
-6.613
-6.593
-6.604
-6.586
-6.584
-6.591
-6.586
-6.587
-6.57
-6.576
-6.567
-6.557
-6.559
-6.547
-6.553
-6.543
-6.534
-6.521
-6.509
-6.518
-6.513
-6.501
-6.487
-6.472
-6.479
-6.465
-6.461
-6.464
-6.452
-6.435
-6.431
-6.44
-6.434
-6.42
-6.423
-6.411
-6.398
-6.375
-6.388
-6.394
-6.397
-6.383
-6.372
-6.361
-6.355
-6.358
-6.347
-6.351
-6.343
-6.337
-6.32
-6.291
-6.287
-6.301
-6.297
-6.278
-6.274
-6.281
-6.274
-6.243
-6.246
-6.244
-6.224
-6.232
-6.224
-6.22
-6.213
-6.201
-6.204
-6.197
-6.19
-6.174
-6.174
-6.17
-6.163
-6.16
-6.155
-6.141
-6.141
-6.131
-6.121
-6.127
-6.112
-6.116
-6.113
-6.088
-6.085
-6.077
-6.083
-6.081
-6.066
-6.061
-6.069
-6.059
-6.057
-6.05
-6.04
-6.04
-6.03
-6.021
-6.01
-6.002
-5.996
-5.998
-5.989
-5.994
-6.004
-5.968
-5.978
-5.947
-5.93
-5.916
-5.903
-5.893
-5.874
-5.884
-5.883
-5.865
-5.852
-5.841
-5.844
-5.861
-5.832
-5.828
-5.826
-5.811
-5.812
-5.799
-5.796
-5.802
-5.789
-5.777
-5.777
-5.772
-5.746
-5.747
-5.745
-5.742
-5.729
-5.736
-5.723
-5.72
-5.724
-5.7
-5.696
-5.675
-5.669
-5.661
-5.645
-5.649
-5.657
-5.655
-5.63
-5.644
-5.623
-5.625
-5.619
-5.619
-5.589
-5.588
-5.571
-5.581
-5.568
-5.58
-5.575
-5.568
-5.579
-5.567
-5.568
-5.542
-5.543
-5.533
-5.514
-5.521
-5.514
-5.499
-5.493
-5.508
-5.49
-5.488
-5.479
-5.475
-5.454
-5.44
-5.439
-5.445
-5.416
-5.4
-5.397
-5.381
-5.39
-5.387
-5.377
-5.365
-5.39
-5.376
-5.37
-5.356
-5.343
-5.319
-5.322
-5.307
-5.292
-5.31
-5.296
-5.294
-5.298
-5.281
-5.277
-5.282
-5.284
-5.271
-5.263
-5.271
-5.274
-5.279
-5.265
-5.265
-5.239
-5.239
-5.239
-5.216
-5.231
-5.225
-5.209
-5.189
-5.192
-5.165
-5.16
-5.147
-5.14
-5.132
-5.122
-5.114
-5.091
-5.08
-5.062
-5.067
-5.072
-5.046
-5.034
-5.044
-5.022
-5.017
-5.004
-4.994
-4.977
-4.951
-4.948
-4.946
-4.908
-4.909
-4.874
-4.867
-4.843
-4.845
-4.826
-4.824
-4.829
-4.808
-4.802
-4.773
-4.777
-4.759
-4.736
-4.714
-4.716
-4.695
-4.694
-4.671
-4.643
-4.641
-4.618
-4.614
-4.592
-4.575
-4.55
-4.547
-4.531
-4.511
-4.495
-4.465
-4.453
-4.424
-4.415
-4.379
-4.371
-4.34
-4.33
-4.3
-4.281
-4.261
-4.241
-4.22
-4.209
-4.191
-4.173
-4.148
-4.12
-4.111
-4.082
-4.069
-4.034
-4.02
-4.006
-3.984
-3.939
-3.921
-3.896
-3.881
-3.863
-3.83
-3.807
-3.785
-3.767
-3.745
-3.731
-3.703
-3.672
-3.652
-3.623
-3.635
-3.606
-3.584
-3.563
-3.545
-3.51
-3.485
-3.455
-3.437
-3.42
-3.383
-3.348
-3.331
-3.305
-3.289
-3.258
-3.246
-3.208
-3.197
-3.166
-3.152
-3.116
-3.101
-3.058
-3.04
-3.027
-2.983
-2.955
-2.928
-2.911
-2.86
-2.829
-2.815
-2.792
-2.755
-2.734
-2.704
-2.673
-2.644
-2.606
-2.589
-2.554
-2.528
-2.506
-2.479
-2.446
-2.424
-2.402
-2.376
-2.343
-2.325
-2.295
-2.26
-2.238
-2.198
-2.187
-2.152
-2.122
-2.092
-2.065
-2.049
-2.029
-1.987
-1.953
-1.938
-1.902
-1.867
-1.844
-1.807
-1.789
-1.755
-1.751
-1.717
-1.671
-1.647
-1.616
-1.585
-1.564
-1.52
-1.491
-1.46
-1.448
-1.414
-1.407
-1.354
-1.338
-1.319
-1.285
-1.263
-1.242
-1.209
-1.182
-1.169
-1.145
-1.11
-1.078
-1.053
-1.023
-1
-0.97
-0.946
-0.942
-0.907
-0.866
-0.845
-0.823
-0.792
-0.781
-0.736
-0.722
-0.699
-0.656
-0.64
-0.622
-0.596
-0.566
-0.56
-0.538
-0.516
-0.491
-0.466
-0.443
-0.427
-0.393
-0.366
-0.355
-0.319
-0.305
-0.268
-0.26
-0.21
-0.189
-0.172
-0.148
-0.131
-0.097
-0.079
-0.054
-0.015
0.005
0.021
0.05
0.072
0.087
0.112
0.141
0.166
0.196
0.225
0.25
0.272
0.304
0.317
0.335
0.367
0.359
0.385
0.425
0.451
0.467
0.494
0.498
0.528
0.54
0.563
0.588
0.601
0.609
0.644
0.674
0.71
0.729
0.738
0.768
0.799
0.816
0.838
0.862
0.872
0.907
0.913
0.943
0.946
0.957
0.986
1.011
1.026
1.055
1.052
1.086
1.097
1.126
1.154
1.085
1.134
1.186
1.232
1.256
1.293
1.318
1.353
1.386
1.413
1.432
1.462
1.496
1.522
1.567
1.588
1.627
1.653
1.669
1.704
1.728
1.761
1.78
1.809
1.836
1.853
1.891
1.937
1.971
1.997
2.007
2.036
2.069
2.081
2.126
2.168
2.19
2.226
2.24
2.249
2.286
2.316
2.328
2.334
2.356
2.393
2.409
2.445
2.474
2.478
2.504
2.527
2.568
2.598
2.631
2.659
2.687
2.722
2.744
2.765
2.791
2.817
2.836
2.867
2.892
2.918
2.932
2.973
2.98
3.014
3.046
3.049
3.089
3.09
3.133
3.135
3.178
3.197
3.237
3.249
3.277
3.313
3.332
3.361
3.392
3.404
3.427
3.452
3.476
3.511
3.531
3.563
3.564
3.593
3.62
3.636
3.635
3.669
3.69
3.718
3.729
3.752
3.775
3.798
3.839
3.862
3.881
3.89
3.934
3.944
3.968
3.985
4.004
4.026
4.05
4.083
4.109
4.116
4.131
4.169
4.19
4.216
4.244
4.256
4.291
4.297
4.337
4.354
4.382
4.392
4.408
4.428
4.468
4.489
4.53
4.551
4.562
4.585
4.604
4.629
4.655
4.681
4.707
4.719
4.744
4.767
4.782
4.812
4.842
4.869
4.894
4.911
4.933
4.969
4.989
5.025
5.051
5.084
5.097
5.133
5.146
5.167
5.179
5.201
5.229
5.252
5.281
5.321
5.334
5.361
5.389
5.407
5.438
5.449
5.465
5.504
5.519
5.536
5.563
5.587
5.589
5.624
5.636
5.662
5.695
5.72
5.742
5.763
5.792
5.815
5.837
5.842
5.862
5.894
5.913
5.946
5.963
5.989
6.018
6.046
6.055
6.077
6.104
6.133
6.156
6.152
6.172
6.192
6.209
6.248
6.258
6.282
6.288
6.326
6.353
6.38
6.399
6.419
6.449
6.476
6.502
6.519
6.544
6.575
6.601
6.625
6.627
6.647
6.67
6.695
6.715
6.735
6.753
6.765
6.777
6.806
6.833
6.861
6.878
6.895
6.926
6.948
6.977
7.006
7.047
7.05
7.07
7.089
7.1
7.125
7.145
7.173
7.185
7.196
7.212
7.242
7.236
7.278
7.285
7.331
7.336
7.35
7.378
7.392
7.407
7.418
7.442
7.458
7.496
7.503
7.527
7.568
7.584
7.601
7.633
7.652
7.658
7.692
7.709
7.734
7.745
7.772
7.777
7.808
7.817
7.844
7.842
7.873
7.89
7.912
7.932
7.944
7.972
7.991
8.009
8.033
8.062
8.076
8.095
8.121
8.136
8.15
8.157
8.185
8.193
8.208
8.22
8.241
8.254
8.279
8.299
8.328
8.359
8.369
8.387
8.393
8.419
8.441
8.445
8.468
8.475
8.483
8.492
8.524
8.558
8.571
8.578
8.614
8.642
8.656
8.682
8.699
8.707
8.738
8.764
8.772
8.787
8.803
8.833
8.839
8.859
8.874
8.9
8.912
8.909
8.929
8.931
8.976
8.982
8.995
9.021
9.034
9.052
9.078
9.093
9.111
9.117
9.137
9.156
9.169
9.187
9.217
9.226
9.245
9.251
9.284
9.292
9.304
9.323
9.366
9.361
9.389
9.411
9.406
9.435
9.44
9.465
9.481
9.498
9.52
9.535
9.556
9.574
9.598
9.598
9.627
9.633
9.655
9.667
9.679
9.703
9.728
9.742
9.754
9.766
9.78
9.788
9.82
9.836
9.86
9.875
9.897
9.91
9.912
9.932
9.968
9.981
10.006
10.029
10.038
10.042
10.061
10.076
10.094
10.113
10.124
10.141
10.155
10.16
10.188
10.191
10.2
10.223
10.247
10.251
10.255
10.275
10.294
10.315
10.333
10.353
10.364
10.38
10.395
10.405
10.417
10.431
10.451
10.464
10.477
10.498
10.504
10.527
10.522
10.544
10.585
10.576
10.595
10.624
10.615
10.654
10.667
10.682
10.691
10.703
10.728
10.73
10.762
10.771
10.781
10.796
10.814
10.816
10.812
10.84
10.87
10.872
10.901
10.906
10.923
10.936
10.952
10.969
10.986
11.001
11.003
11.028
11.039
11.05
11.068
11.082
11.101
11.113
11.125
11.138
11.16
11.161
11.19
11.185
11.212
11.214
11.234
11.243
11.272
11.283
11.284
11.302
11.315
11.333
11.341
11.374
11.38
11.392
11.388
11.409
11.424
11.441
11.447
11.465
11.474
11.49
11.513
11.533
11.531
11.543
11.558
11.564
11.582
11.603
11.61
11.63
11.636
11.672
11.671
11.676
11.697
11.713
11.728
11.742
11.759
11.768
11.789
11.809
11.815
11.826
11.829
11.844
11.861
11.878
11.907
11.911
11.918
11.935
11.951
11.958
11.978
11.989
11.994
11.991
12.004
12.027
12.052
12.055
12.063
12.081
12.1
12.101
12.116
12.124
12.133
12.156
12.152
12.169
12.193
12.196
12.2
12.223
12.242
12.237
12.276
12.29
12.277
12.279
12.305
12.329
12.328
12.356
12.35
12.375
12.386
12.4
12.403
12.414
12.424
12.427
12.445
12.46
12.47
12.479
12.494
12.518
12.502
12.523
12.53
12.552
12.548
12.574
12.576
12.59
12.599
12.617
12.631
12.641
12.654
12.668
12.675
12.695
12.704
12.713
12.721
12.745
12.734
12.751
12.768
12.767
12.766
12.785
12.803
12.817
12.83
12.822
12.839
12.846
12.865
12.865
12.88
12.888
12.892
12.889
12.917
12.94
12.937
12.957
12.961
12.975
12.997
13.009
13.02
13.046
13.045
13.074
13.076
13.094
13.089
13.114
13.127
13.122
13.132
13.145
13.15
13.179
13.189
13.202
13.211
13.227
13.221
13.242
13.252
13.247
13.284
13.282
13.293
13.309
13.337
13.331
13.326
13.336
13.349
13.366
13.386
13.383
13.406
13.415
13.417
13.437
13.457
13.458
13.468
13.491
13.5
13.498
13.51
13.524
13.544
13.559
13.57
13.587
13.576
13.591
13.589
13.615
13.619
13.635
13.654
13.665
13.663
13.675
13.68
13.688
13.685
13.698
13.722
13.734
13.745
13.768
13.773
13.795
13.78
13.82
13.813
13.831
13.85
13.849
13.863
13.877
13.869
13.875
13.897
13.89
13.916
13.923
13.952
13.955
13.947
13.958
13.98
13.98
14.003
14.01
14.007
14.015
14.03
14.049
14.054
14.07
14.086
14.082
14.105
14.101
14.121
14.115
14.15
14.139
14.151
14.159
14.186
14.198
14.203
14.195
14.215
14.235
14.248
14.245
14.254
14.248
14.265
14.268
14.288
14.297
14.298
14.3
14.306
14.312
14.351
14.353
14.377
14.356
14.392
14.395
14.4
14.417
14.394
14.411
14.425
14.436
14.45
14.447
14.469
14.483
14.497
14.518
14.517
14.513
14.527
14.549
14.552
14.547
14.549
14.567
14.577
14.583
14.605
14.6
14.596
14.603
14.592
14.605
14.624
14.633
14.645
14.655
14.663
14.664
14.673
14.681
14.693
14.686
14.709
14.717
14.741
14.751
14.758
14.76
14.766
14.779
14.785
14.803
14.801
14.814
14.809
14.841
14.839
14.852
14.876
14.874
14.902
14.889
14.908
14.929
14.924
14.944
14.946
14.959
14.961
14.951
14.965
14.971
14.992
15.001
15.002
15.008
15.017
15.022
15.048
15.047
15.055
15.064
15.079
15.096
15.106
15.093
15.103
15.124
15.133
15.13
15.13
15.147
15.157
15.178
15.177
15.18
15.187
15.198
15.202
15.212
15.227
15.22
15.248
15.254
15.244
15.256
15.255
15.274
15.272
15.295
15.307
15.307
15.314
15.318
15.327
15.334
15.349
15.352
15.369
15.368
15.389
15.386
15.39
15.401
15.4
15.403
15.408
15.422
15.449
15.447
15.462
15.467
15.478
15.498
15.5
15.506
15.496
15.512
15.522
15.535
15.528
15.551
15.553
15.561
15.572
15.582
15.573
15.585
15.598
15.612
15.602
15.602
15.629
15.63
15.633
15.636
15.637
15.663
15.664
15.677
15.673
15.699
15.699
15.707
15.702
15.71
15.716
15.728
15.735
15.738
15.745
15.755
15.755
15.777
15.769
15.782
15.79
15.792
15.796
15.806
15.814
15.813
15.831
15.837
15.837
15.856
15.859
15.857
15.865
15.864
15.882
15.9
15.904
15.914
15.92
15.916
15.929
15.924
15.932
15.939
15.95
15.947
15.952
15.96
15.957
15.969
15.972
15.993
16.001
16.002
16.011
15.997
16.01
16.021
16.034
16.044
16.04
16.031
16.073
16.071
16.07
16.086
16.09
16.096
16.106
16.114
16.119
16.126
16.136
16.147
16.155
16.157
16.17
16.18
16.19
16.195
16.187
16.198
16.194
16.199
16.22
16.23
16.227
16.237
16.25
16.24
16.253
16.253
16.257
16.263
16.274
16.287
16.288
16.289
16.304
16.313
16.304
16.332
16.328
16.344
16.34
16.346
16.358
16.369
16.356
16.381
16.402
16.388
16.4
16.39
16.392
16.405
16.412
16.421
16.433
16.441
16.431
16.462
16.45
16.461
16.471
16.48
16.478
16.487
16.477
16.507
16.487
16.501
16.515
16.524
16.529
16.542
16.531
16.555
16.55
16.555
16.57
16.542
16.565
16.581
16.569
16.59
16.582
16.602
16.587
16.592
16.6
16.606
16.619
16.621
16.622
16.648
16.654
16.656
16.659
16.657
16.664
16.669
16.675
16.678
16.682
16.695
16.694
16.705
16.714
16.702
16.717
16.721
16.74
16.746
16.746
16.75
16.739
16.767
16.774
16.764
16.775
16.779
16.782
16.781
16.804
16.8
16.817
16.803
16.822
16.836
16.834
16.829
16.836
16.855
16.846
16.855
16.872
16.878
16.878
16.879
16.882
16.891
16.906
16.913
16.918
16.92
16.919
16.938
16.926
16.93
16.949
16.954
16.954
16.964
16.974
16.982
16.987
16.972
16.988
17.004
17.01
17.008
17.016
17.031
17.031
17.034
17.025
17.04
17.045
17.048
17.063
17.064
17.072
17.074
17.085
17.095
17.098
17.086
17.097
17.111
17.105
17.123
17.125
17.126
17.13
17.129
17.132
17.146
17.145
17.17
17.171
17.179
17.179
17.198
17.2
17.192
17.192
17.212
17.201
17.213
17.221
17.232
17.229
17.231
17.251
17.236
17.259
17.245
17.26
17.282
17.291
17.293
17.289
17.3
17.316
17.318
17.319
17.312
17.313
17.311
17.333
17.348
17.363
17.363
17.365
17.384
17.37
17.371
17.392
17.386
17.381
17.39
17.383
17.397
17.406
17.403
17.407
17.417
17.423
17.421
17.413
17.417
17.42
17.433
17.426
17.447
17.437
17.438
17.449
17.446
17.459
17.467
17.456
17.471
17.487
17.485
17.488
17.493
17.513
17.506
17.51
17.513
17.51
17.522
17.537
17.537
17.549
17.555
17.548
17.558
17.583
17.57
17.579
17.584
17.588
17.607
17.593
17.599
17.606
17.612
17.614
17.62
17.628
17.646
17.634
17.637
17.651
17.638
17.637
17.645
17.644
17.663
17.658
17.674
17.687
17.682
17.682
17.691
17.702
17.711
17.722
17.726
17.741
17.736
17.734
17.738
17.738
17.745
17.76
17.754
17.773
17.773
17.781
17.787
17.785
17.785
17.786
17.798
17.802
17.805
17.82
17.814
17.804
17.817
17.834
17.839
17.823
17.836
17.849
17.844
17.858
17.857
17.875
17.895
17.878
17.881
17.912
17.896
17.912
17.918
17.926
17.942
17.928
17.927
17.933
17.949
17.954
17.984
17.965
17.98
17.973
17.991
17.995
17.984
18.007
18.033
18.032
18.024
18.03
18.039
18.057
18.052
18.048
18.045
18.057
18.062
18.048
18.068
18.069
18.067
18.072
18.063
18.072
18.092
18.089
18.098
18.111
18.123
18.135
18.135
18.139
18.148
18.13
18.146
18.158
18.152
18.147
18.159
18.168
18.172
18.18
18.159
18.16
18.18
18.176
18.196
18.209
18.213
18.221
18.225
18.204
18.213
18.217
18.231
18.23
18.218
18.211
18.222
18.235
18.224
18.224
18.225
18.214
18.228
18.224
18.24
18.229
18.239
18.237
18.257
18.258
18.255
18.267
18.287
18.289
18.282
18.287
18.29
18.317
18.313
18.316
18.323
18.34
18.33
18.329
18.33
18.327
18.327
18.341
18.348
18.352
18.372
18.366
18.368
18.377
18.381
18.404
18.393
18.386
18.405
18.405
18.405
18.41
18.424
18.431
18.449
18.462
18.452
18.452
18.473
18.481
18.505
18.483
18.487
18.484
18.481
18.482
18.491
18.492
18.496
18.501
18.489
18.502
18.505
18.501
18.509
18.497
18.527
18.534
18.526
18.525
18.543
18.535
18.539
18.555
18.569
18.564
18.568
18.56
18.561
18.568
18.591
18.571
18.582
18.596
18.584
18.577
18.6
18.614
18.63
18.63
18.634
18.641
18.654
18.644
18.639
18.645
18.671
18.67
18.676
18.677
18.696
18.688
18.699
18.695
18.699
18.689
18.703
18.697
18.7
18.721
18.73
18.718
18.733
18.728
18.731
18.725
18.765
18.749
18.746
18.745
18.749
18.753
18.761
18.771
18.788
18.793
18.8
18.792
18.795
18.815
18.816
18.827
18.827
18.824
18.831
18.835
18.854
