,Analytical,experimental
0,-20.53339581058882,-22.998
1,-19.64751389364636,-20.064
2,-18.666292695430464,-17.912
3,-17.711357517635918,-16.221
4,-16.758968005055472,-14.826
5,-15.806670589535202,-13.608
6,-14.85730360705588,-12.507
7,-13.913911487408914,-11.597
8,-12.978976583445643,-10.818
9,-12.054448727852133,-10.102
10,-11.1418588705084,-9.541
11,-10.24241010173754,-8.962
12,-9.357042545788612,-8.454
13,-8.486480586011918,-7.955
14,-7.6312689752563925,-7.531
15,-6.791801733433892,-7.123
16,-5.968346027218568,-6.728
17,-5.161062290222151,-6.397
18,-4.370021354496667,-6.01
19,-3.595219110888645,-5.571
20,-2.8365890786235566,-5.239
21,-2.094013184068454,-4.495
22,-1.3673309962612725,-3.166
23,-0.6563476290135446,-1.491
24,0.039159510134983755,0.005
25,0.7194349681346575,1.318
26,1.3847403564417151,2.932
27,2.0353502051886645,4.337
28,2.671548459248066,5.742
29,3.2936255273186505,7.07
30,3.9018758068369133,8.22
